epoch: 0	train ppl: 535.4061110555734	val ppl: 314.07004588466395	best val: 314.07004588466395	time (s) spent in epoch: 259.05514001846313
epoch: 1	train ppl: 299.4221220671808	val ppl: 227.18014722212558	best val: 227.18014722212558	time (s) spent in epoch: 262.41966700553894
