epoch: 0	train ppl: 475.6846706150206	val ppl: 269.61623968490846	best val: 269.61623968490846	time (s) spent in epoch: 256.9720685482025
epoch: 1	train ppl: 273.02179319590687	val ppl: 212.41378994028523	best val: 212.41378994028523	time (s) spent in epoch: 263.034316778183
epoch: 2	train ppl: 216.1536587162786	val ppl: 185.43601284073281	best val: 185.43601284073281	time (s) spent in epoch: 253.1947238445282
